size insertion quick radix heap hybrid
1 100 100 200 0 100
2 100 100 200 100 100
3 100 100 300 100 100
4 100 200 300 200 100
5 200 200 400 200 100
6 400 300 600 200 200
7 300 200 500 300 100
8 300 200 500 300 200
9 400 200 700 300 100
10 400 300 800 300 200
20 700 600 1500 700 400
30 1400 900 3000 1000 500
40 2300 1200 4200 1300 700
50 2900 1800 6100 2100 1100
60 3500 2400 8300 2500 1200
70 4400 2300 7800 2600 1400
80 6100 3200 12100 3700 2300
90 5000 2700 9900 3000 2100
100 6000 3000 10300 3400 1700
200 16500 7000 18300 7600 5400
300 20700 10400 26000 11800 8400
400 28500 14500 33100 16300 12300
500 36200 18200 41900 20800 15900
600 45300 23500 50100 26700 20900
700 53000 26800 56900 31500 23900
800 68200 31000 63800 36000 28900
900 72800 36400 70600 41400 33700
1000 85000 40400 79400 46800 39800
2000 237300 83000 154400 101100 80800
3000 389900 131300 225300 161700 131100
4000 612900 171300 299600 224300 173600
5000 959200 222000 380800 285600 223800
6000 1246200 266400 458100 353500 266600
7000 1641700 303800 527700 427200 299900
8000 2067900 343200 605900 489700 361600
9000 2597400 400200 659700 542900 401200